Following_residuals
11.6971
6.23149
3.32267
1.77409
0.950563
0.515893
0.295335
0.202282
0.188193
0.214929
0.262656
0.327235
0.410873
0.518421
0.656661
0.834519
1.06362
1.3591
1.74063
2.23385
2.87213
3.69901
4.77125
6.16295
7.97084
10.3213
13.3796
17.3618
22.5506
29.3161
38.1427
49.6654
64.716
84.3852
110.103
143.747
187.779
245.431
320.95
419.912
549.644
719.775
942.966
1235.86
1620.36
2125.26
2788.47
3659.89
4805.17
6310.82
8290.71
10894.9
14321
18829.5
24763.7
32576.2
42863.5
56412.4
74260.6
97776.7
128766
169612
223458
294453
388074
511554
674438
889334
1.17289e+06
1.5471e+06
2.04102e+06
2.69301e+06
3.5538e+06
4.69038e+06
6.19132e+06
8.17363e+06
1.0792e+07
1.42511e+07
1.8821e+07
2.48595e+07
3.28391e+07
4.33851e+07
5.73241e+07
7.57499e+07
1.00109e+08
1.32314e+08
1.74899e+08
2.31211e+08
3.05684e+08
4.04182e+08
5.34469e+08
7.06816e+08
9.34823e+08
1.23649e+09
1.63563e+09
2.16381e+09
2.86278e+09
3.78783e+09
5.01218e+09
6.63279e+09
8.77806e+09
1.1618e+10
1.53779e+10
2.0356e+10
2.69476e+10
3.56759e+10
4.72345e+10
6.2542e+10
8.28156e+10
1.09668e+11
1.45236e+11
1.92351e+11
2.54767e+11
3.37454e+11
4.47005e+11
5.92154e+11
7.84477e+11
1.03932e+12
1.37703e+12
1.82457e+12
2.41768e+12
3.20376e+12
4.24563e+12
5.6266e+12
7.45713e+12
9.88366e+12
1.31004e+13
1.73649e+13
2.30186e+13
3.05144e+13
4.04529e+13
5.36308e+13
7.11045e+13
9.42754e+13
1.25002e+14
1.65751e+14
2.19791e+14
2.91462e+14
3.8652e+14
5.12599e+14
6.7983e+14
9.01653e+14
1.1959e+15
1.58623e+15
2.10403e+15
2.79097e+15
3.7023e+15
4.91139e+15
6.51556e+15
8.64398e+15
1.14681e+16
1.52153e+16
2.01877e+16
2.67858e+16
3.55416e+16
4.7161e+16
6.25809e+16
8.30452e+16
1.10205e+17
1.46251e+17
1.94093e+17
2.57592e+17
3.41876e+17
4.53751e+17
6.02251e+17
7.99374e+17
1.06105e+18
1.40841e+18
1.86955e+18
2.48174e+18
3.29447e+18
4.37347e+18
5.80602e+18
7.70799e+18
1.02333e+19
1.35862e+19
1.80382e+19
2.39496e+19
3.17991e+19
4.22221e+19
5.60629e+19
7.44425e+19
9.88499e+19
1.31263e+20
1.74307e+20
2.31473e+20
3.07393e+20
4.08222e+20
5.42136e+20
7.19995e+20
9.56224e+20
1.26999e+21
1.68673e+21
2.24029e+21
2.97556e+21
3.95223e+21
5.24958e+21
6.97293e+21
9.2622e+21
1.23033e+22
1.63432e+22
2.171e+22
2.88397e+22
3.83116e+22
5.08953e+22
6.76134e+22
8.98245e+22
1.19334e+23
1.58541e+23
2.10634e+23
2.79847e+23
3.71809e+23
4.94e+23
6.56358e+23
8.72091e+23
1.15875e+24
1.53966e+24
2.04582e+24
2.71842e+24
3.6122e+24
4.79993e+24
6.37828e+24
8.47577e+24
1.12632e+25
1.49675e+25
1.98905e+25
2.6433e+25
3.51281e+25
4.66841e+25
6.20425e+25
8.24548e+25
1.09584e+26
1.45642e+26
1.93567e+26
2.57266e+26
3.41931e+26
4.54466e+26
6.04045e+26
8.02866e+26
1.06714e+27
1.41843e+27
1.88538e+27
2.50608e+27
3.33117e+27
4.42796e+27
5.88595e+27
7.8241e+27
1.04006e+28
1.38257e+28
1.83789e+28
2.4432e+28
3.24791e+28
4.31771e+28
5.73995e+28
7.63076e+28
1.01445e+29
1.34866e+29
1.79298e+29
2.38372e+29
3.16913e+29
4.21336e+29
5.60174e+29
7.44769e+29
9.90204e+29
1.31654e+30
1.75043e+30
2.32735e+30
3.09445e+30
4.11443e+30
5.47067e+30
7.27405e+30
9.67199e+30
1.28606e+31
1.71005e+31
2.27385e+31
3.02356e+31
4.02049e+31
5.34619e+31
7.1091e+31
9.45341e+31
1.25709e+32
1.67166e+32
2.22298e+32
2.95614e+32
3.93115e+32
5.22779e+32
6.95217e+32
9.24543e+32
1.22952e+33
1.63513e+33
2.17455e+33
2.89195e+33
3.84607e+33
5.11501e+33
6.80267e+33
9.04725e+33
1.20325e+34
1.6003e+34
2.12838e+34
2.83075e+34
3.76493e+34
5.00744e+34
6.66006e+34
8.85817e+34
1.17819e+35
1.56706e+35
2.08431e+35
2.77232e+35
3.68745e+35
4.90471e+35
6.52384e+35
8.67755e+35
1.15423e+36
1.5353e+36
2.0422e+36
2.71647e+36
3.61339e+36
4.80649e+36
6.39358e+36
8.5048e+36
1.13132e+37
1.50492e+37
2.0019e+37
2.66302e+37
3.5425e+37
4.71247e+37
6.26888e+37
8.33939e+37
1.10938e+38
1.47582e+38
1.9633e+38
2.61182e+38
3.47458e+38
4.62237e+38
6.14936e+38
8.18085e+38
1.08835e+39
1.44792e+39
1.92629e+39
2.56271e+39
3.40944e+39
4.53595e+39
6.03471e+39
8.02874e+39
1.06817e+40
1.42114e+40
1.89076e+40
2.51558e+40
3.3469e+40
4.45297e+40
5.9246e+40
7.88264e+40
1.04879e+41
1.39542e+41
1.85663e+41
2.47029e+41
3.2868e+41
4.37322e+41
5.81878e+41
7.74221e+41
1.03015e+42
1.37069e+42
1.82381e+42
2.42673e+42
3.22899e+42
4.2965e+42
5.71697e+42
7.60709e+42
1.01222e+43
1.34689e+43
1.79222e+43
2.38481e+43
3.17335e+43
4.22265e+43
5.61894e+43
7.47697e+43
9.94946e+43
1.32396e+44
1.76179e+44
2.34442e+44
3.11974e+44
4.15148e+44
5.52447e+44
7.35158e+44
9.78301e+44
1.30187e+45
1.73246e+45
2.30548e+45
3.06805e+45
4.08286e+45
5.43338e+45
7.23064e+45
9.62246e+45
1.28055e+46
1.70416e+46
2.26791e+46
3.01817e+46
4.01664e+46
5.34546e+46
7.11391e+46
9.46748e+46
1.25998e+47
1.67684e+47
2.23164e+47
2.97001e+47
3.95269e+47
5.26055e+47
7.00117e+47
9.31777e+47
1.2401e+48
1.65045e+48
2.19659e+48
2.92347e+48
3.89089e+48
5.17848e+48
6.8922e+48
9.17307e+48
1.22088e+49
1.62493e+49
2.1627e+49
2.87847e+49
3.83113e+49
5.09912e+49
6.7868e+49
9.0331e+49
1.20229e+50
1.60024e+50
2.12992e+50
2.83492e+50
3.77331e+50
5.02232e+50
6.6848e+50
8.89763e+50
1.1843e+51
1.57635e+51
2.09818e+51
2.79277e+51
3.71732e+51
4.94796e+51
6.58603e+51
8.76644e+51
1.16688e+52
1.5532e+52
2.06743e+52
2.75193e+52
3.66308e+52
4.87591e+52
6.49032e+52
8.63931e+52
1.14999e+53
1.53077e+53
2.03764e+53
2.71235e+53
3.61049e+53
4.80606e+53
6.39754e+53
8.51605e+53
1.13361e+54
1.50902e+54
2.00874e+54
2.67396e+54
3.5595e+54
4.73831e+54
6.30753e+54
8.39648e+54
1.11773e+55
1.48791e+55
1.9807e+55
2.63672e+55
3.51001e+55
4.67256e+55
6.22018e+55
8.28043e+55
1.10231e+56
1.46743e+56
1.95349e+56
2.60055e+56
3.46196e+56
4.60872e+56
6.13536e+56
8.16773e+56
1.08734e+57
1.44753e+57
1.92705e+57
2.56543e+57
3.41529e+57
4.54671e+57
6.05296e+57
8.05823e+57
1.07279e+58
1.4282e+58
1.90136e+58
2.53129e+58
3.36993e+58
4.48643e+58
5.97286e+58
7.9518e+58
1.05864e+59
1.4094e+59
1.87639e+59
2.4981e+59
3.32583e+59
4.42782e+59
5.89498e+59
7.8483e+59
1.04489e+60
1.39112e+60
1.85209e+60
2.46582e+60
3.28293e+60
4.37081e+60
5.81921e+60
7.7476e+60
1.03151e+61
1.37334e+61
1.82846e+61
2.43441e+61
3.24118e+61
4.31532e+61
5.74547e+61
7.64959e+61
1.01848e+62
1.35603e+62
1.80545e+62
2.40382e+62
3.20053e+62
4.2613e+62
5.67366e+62
7.55416e+62
1.0058e+63
1.33917e+63
1.78304e+63
2.37404e+63
3.16094e+63
4.20868e+63
5.60372e+63
7.46119e+63
9.93439e+63
1.32274e+64
1.76121e+64
2.34502e+64
3.12237e+64
4.15741e+64
5.53557e+64
7.3706e+64
9.81397e+64
1.30673e+65
1.73993e+65
2.31674e+65
3.08477e+65
4.10743e+65
5.46913e+65
7.28228e+65
9.69656e+65
1.29113e+66
1.71918e+66
2.28916e+66
3.04811e+66
4.05869e+66
5.40434e+66
7.19615e+66
9.58206e+66
1.27591e+67
1.69895e+67
2.26225e+67
3.01234e+67
4.01114e+67
5.34113e+67
7.11212e+67
9.47035e+67
1.26105e+68
1.6792e+68
2.23601e+68
2.97745e+68
3.96475e+68
5.27945e+68
7.03012e+68
9.36133e+68
1.24656e+69
1.65993e+69
2.21038e+69
2.94338e+69
3.91946e+69
5.21923e+69
6.95006e+69
9.25488e+69
1.23241e+70
1.64111e+70
2.18537e+70
2.91012e+70
3.87523e+70
5.16043e+70
6.87187e+70
9.15093e+70
1.21859e+71
1.62274e+71
2.16093e+71
2.87763e+71
3.83203e+71
5.10299e+71
6.7955e+71
9.04938e+71
1.20508e+72
1.60478e+72
2.13706e+72
2.84588e+72
3.78982e+72
5.04686e+72
6.72086e+72
8.95013e+72
1.19189e+73
1.58723e+73
2.11372e+73
2.81485e+73
3.74856e+73
4.992e+73
6.64791e+73
8.85312e+73
1.17899e+74
1.57008e+74
2.09091e+74
2.78452e+74
3.70822e+74
4.93836e+74
6.57657e+74
8.75826e+74
1.16637e+75
1.5533e+75
2.0686e+75
2.75485e+75
3.66877e+75
4.88589e+75
6.5068e+75
8.66548e+75
1.15403e+76
1.53689e+76
2.04678e+76
2.72583e+76
3.63018e+76
4.83457e+76
6.43854e+76
8.5747e+76
1.14196e+77
1.52084e+77
2.02543e+77
2.69744e+77
3.59241e+77
4.78434e+77
6.37175e+77
8.48586e+77
1.13014e+78
1.50513e+78
2.00453e+78
2.66964e+78
3.55545e+78
4.73517e+78
6.30636e+78
8.3989e+78
1.11858e+79
1.48974e+79
1.98407e+79
2.64243e+79
3.51925e+79
4.68704e+79
6.24234e+79
8.31374e+79
1.10725e+80
1.47468e+80
1.96403e+80
2.61578e+80
3.48381e+80
4.6399e+80
6.17964e+80
8.23035e+80
1.09616e+81
1.45993e+81
1.94441e+81
2.58968e+81
3.44909e+81
4.59372e+81
6.11821e+81
8.14864e+81
1.08529e+82
1.44547e+82
1.92518e+82
2.56411e+82
3.41508e+82
4.54847e+82
6.05803e+82
8.06859e+82
1.07464e+83
1.43131e+83
1.90634e+83
2.53904e+83
3.38174e+83
4.50412e+83
5.99904e+83
7.99012e+83
1.06421e+84
1.41742e+84
1.88787e+84
2.51448e+84
3.34906e+84
4.46065e+84
5.94121e+84
7.9132e+84
1.05397e+85
1.40381e+85
1.86977e+85
2.49039e+85
3.31702e+85
4.41803e+85
5.88451e+85
7.83777e+85
1.04394e+86
1.39046e+86
1.85201e+86
2.46677e+86
3.28559e+86
4.37623e+86
5.8289e+86
7.76379e+86
1.0341e+87
1.37737e+87
1.83459e+87
2.4436e+87
3.25477e+87
4.33522e+87
5.77435e+87
7.69122e+87
1.02444e+88
1.36453e+88
1.81751e+88
2.42087e+88
3.22453e+88
4.29499e+88
5.72082e+88
7.62001e+88
1.01497e+89
1.35192e+89
1.80074e+89
2.39856e+89
3.19485e+89
4.25551e+89
5.66829e+89
7.55013e+89
1.00567e+90
1.33955e+90
1.78428e+90
2.37666e+90
3.16572e+90
4.21675e+90
5.61674e+90
7.48153e+90
9.96547e+90
1.32741e+91
1.76813e+91
2.35517e+91
3.13712e+91
4.1787e+91
5.56612e+91
7.41418e+91
9.87586e+91
1.31549e+92
1.75227e+92
2.33407e+92
3.10905e+92
4.14135e+92
5.51641e+92
7.34805e+92
9.78787e+92
1.30378e+93
1.73669e+93
2.31334e+93
3.08147e+93
4.10465e+93
5.46759e+93
7.28309e+93
9.70144e+93
1.29228e+94
1.72139e+94
2.29298e+94
3.05438e+94
4.06861e+94
5.41963e+94
7.21928e+94
9.61654e+94
1.28098e+95
1.70636e+95
2.27298e+95
3.02777e+95
4.0332e+95
5.37252e+95
7.15659e+95
9.53312e+95
1.26988e+96
1.69159e+96
2.25333e+96
3.00162e+96
3.99841e+96
5.32622e+96
7.09498e+96
9.45114e+96
1.25898e+97
1.67707e+97
2.23401e+97
2.97592e+97
3.96421e+97
5.28071e+97
7.03442e+97
9.37056e+97
1.24825e+98
1.6628e+98
2.21503e+98
2.95065e+98
3.93059e+98
5.23597e+98
6.9749e+98
9.29135e+98
1.23771e+99
1.64878e+99
2.19636e+99
2.92582e+99
3.89754e+99
5.19199e+99
6.91637e+99
9.21346e+99
1.22735e+100
1.63498e+100
2.17801e+100
2.90139e+100
3.86504e+100
5.14874e+100
6.85882e+100
9.13687e+100
1.21716e+101
1.62142e+101
2.15996e+101
2.87737e+101
3.83307e+101
5.10621e+101
6.80221e+101
9.06154e+101
1.20713e+102
1.60808e+102
2.14221e+102
2.85375e+102
3.80163e+102
5.06436e+102
6.74653e+102
8.98744e+102
1.19727e+103
1.59496e+103
2.12474e+103
2.8305e+103
3.7707e+103
5.0232e+103
6.69174e+103
8.91454e+103
1.18757e+104
1.58205e+104
2.10756e+104
2.80764e+104
3.74026e+104
4.9827e+104
6.63784e+104
8.8428e+104
1.17802e+105
1.56934e+105
2.09065e+105
2.78513e+105
3.71031e+105
4.94283e+105
6.58479e+105
8.7722e+105
1.16862e+106
1.55683e+106
2.07401e+106
2.76298e+106
3.68083e+106
4.9036e+106
6.53258e+106
8.7027e+106
1.15938e+107
1.54452e+107
2.05762e+107
2.74118e+107
3.65182e+107
4.86498e+107
6.48118e+107
8.63429e+107
1.15027e+108
1.53241e+108
2.04149e+108
2.71971e+108
3.62325e+108
4.82696e+108
6.43057e+108
8.56694e+108
1.14131e+109
1.52048e+109
2.02561e+109
2.69858e+109
3.59512e+109
4.78952e+109
6.38074e+109
8.50061e+109
1.13248e+110
1.50873e+110
2.00998e+110
2.67776e+110
3.56741e+110
4.75265e+110
6.33166e+110
8.43529e+110
1.12379e+111
1.49715e+111
1.99458e+111
2.65726e+111
3.54013e+111
4.71633e+111
6.28332e+111
8.37096e+111
1.11522e+112
1.48576e+112
1.9794e+112
2.63707e+112
3.51325e+112
4.68055e+112
6.23571e+112
8.30758e+112
1.10679e+113
1.47453e+113
1.96446e+113
2.61718e+113
3.48677e+113
4.64531e+113
6.18879e+113
8.24514e+113
1.09847e+114
1.46347e+114
1.94973e+114
2.59758e+114
3.46068e+114
4.61058e+114
6.14257e+114
8.18361e+114
1.09028e+115
1.45256e+115
1.93522e+115
2.57826e+115
3.43497e+115
4.57636e+115
6.09702e+115
8.12297e+115
1.08221e+116
1.44182e+116
1.92092e+116
2.55923e+116
3.40964e+116
4.54263e+116
6.05212e+116
8.06321e+116
1.07426e+117
1.43123e+117
1.90683e+117
2.54046e+117
3.38466e+117
4.50939e+117
6.00787e+117
8.00431e+117
1.06642e+118
1.42079e+118
1.89293e+118
2.52197e+118
3.36004e+118
4.47662e+118
5.96425e+118
7.94624e+118
1.05869e+119
1.4105e+119
1.87924e+119
2.50374e+119
3.33577e+119
4.44431e+119
5.92123e+119
7.88898e+119
1.05107e+120
1.40036e+120
1.86573e+120
2.48576e+120
3.31184e+120
4.41245e+120
5.87882e+120
7.83252e+120
1.04355e+121
1.39035e+121
1.85241e+121
2.46803e+121
3.28824e+121
4.38103e+121
