Following_residuals
4.80129
1.05435
0.285025
0.295902
0.527097
0.977038
1.8405
3.50427
6.72288
12.9707
25.1336
48.8693
95.2849
186.212
364.606
715.068
1404.36
2761.47
5435.79
10710.1
21119.8
41678.3
82304.3
162630
321528
636000
1.25863e+06
2.49185e+06
4.93534e+06
9.77847e+06
1.93808e+07
3.84246e+07
7.62033e+07
1.51167e+08
2.99953e+08
5.95326e+08
1.18183e+09
2.34664e+09
4.66044e+09
9.25744e+09
1.83922e+10
3.65469e+10
7.26337e+10
1.44375e+11
2.8702e+11
5.70681e+11
1.13483e+12
2.25697e+12
4.48926e+12
8.93046e+12
1.77673e+13
3.53522e+13
7.03488e+13
1.40004e+14
2.78654e+14
5.54663e+14
1.10416e+15
2.19823e+15
4.37672e+15
8.71484e+15
1.73541e+16
3.45604e+16
6.88314e+16
1.37096e+17
2.7308e+17
5.43982e+17
1.08369e+18
2.15901e+18
4.30158e+18
8.57091e+18
1.70785e+19
3.40327e+19
6.78211e+19
1.35162e+20
2.69382e+20
5.36911e+20
1.07018e+21
2.13319e+21
4.25228e+21
8.47684e+21
1.68991e+22
3.36908e+22
6.71702e+22
1.33924e+23
2.67028e+23
5.32441e+23
1.0617e+24
2.11713e+24
4.22191e+24
8.41946e+24
1.67909e+25
3.34871e+25
6.67875e+25
1.33207e+26
2.65687e+26
5.2994e+26
1.05705e+27
2.10852e+27
4.20601e+27
8.39027e+27
1.67376e+28
3.33903e+28
6.66132e+28
1.32895e+29
2.65137e+29
5.28983e+29
1.05542e+30
2.10579e+30
4.20161e+30
8.38353e+30
1.67281e+31
3.33793e+31
6.66063e+31
1.32912e+32
2.65228e+32
5.29279e+32
1.05623e+33
2.10785e+33
4.20659e+33
8.39516e+33
1.67546e+34
3.34387e+34
6.67376e+34
1.33199e+35
2.6585e+35
5.30616e+35
1.05909e+36
2.11392e+36
4.21944e+36
8.42222e+36
1.68114e+37
3.35576e+37
6.69857e+37
1.33715e+38
2.66922e+38
5.32838e+38
1.06368e+39
2.12342e+39
4.23901e+39
8.4625e+39
1.68943e+40
3.37276e+40
6.73345e+40
1.3443e+41
2.68385e+41
5.35828e+41
1.06979e+42
2.13589e+42
4.26444e+42
8.51434e+42
1.69998e+43
3.39425e+43
6.77716e+43
1.35318e+44
2.7019e+44
5.39496e+44
1.07724e+45
2.15099e+45
4.29507e+45
8.57643e+45
1.71256e+46
3.41973e+46
6.82875e+46
1.36363e+47
2.72303e+47
5.43769e+47
1.08588e+48
2.16846e+48
4.33037e+48
8.64775e+48
1.72697e+49
3.44882e+49
6.88747e+49
1.37548e+50
2.74695e+50
5.48594e+50
1.09561e+51
2.18808e+51
4.36993e+51
8.72749e+51
1.74304e+52
3.4812e+52
6.95272e+52
1.38862e+53
2.77342e+53
5.53924e+53
1.10634e+54
2.20968e+54
4.41342e+54
8.81501e+54
1.76065e+55
3.51664e+55
7.02401e+55
1.40296e+56
2.80226e+56
5.59724e+56
1.118e+57
2.23313e+57
4.46056e+57
8.90978e+57
1.7797e+58
3.55493e+58
7.10095e+58
1.41842e+59
2.83332e+59
5.65965e+59
1.13054e+60
2.25832e+60
4.51115e+60
9.01138e+60
1.80011e+61
3.5959e+61
7.18322e+61
1.43494e+62
2.86649e+62
5.72624e+62
1.14391e+63
2.28515e+63
4.565e+63
9.11947e+63
1.8218e+64
3.63943e+64
7.27057e+64
1.45247e+65
2.90166e+65
5.7968e+65
1.15806e+66
2.31355e+66
4.62197e+66
9.23375e+66
1.84472e+67
3.68541e+67
7.36279e+67
1.47096e+68
2.93875e+68
5.87118e+68
1.17298e+69
2.34346e+69
4.68195e+69
9.35401e+69
1.86883e+70
3.73375e+70
7.45971e+70
1.49039e+71
2.9777e+71
5.94926e+71
1.18863e+72
2.37483e+72
4.74484e+72
9.48005e+72
1.8941e+73
3.78438e+73
7.56119e+73
1.51073e+74
3.01846e+74
6.03094e+74
1.205e+75
2.40763e+75
4.81055e+75
9.61173e+75
1.92048e+76
3.83725e+76
7.66711e+76
1.53195e+77
3.06098e+77
6.11612e+77
1.22206e+78
2.44182e+78
4.87904e+78
9.74894e+78
1.94797e+79
3.89231e+79
7.7774e+79
1.55404e+80
3.10522e+80
6.20475e+80
1.23982e+81
2.47738e+81
4.95026e+81
9.89157e+81
1.97653e+82
3.94952e+82
7.89198e+82
1.57699e+83
3.15118e+83
6.29678e+83
1.25825e+84
2.51428e+84
5.02416e+84
1.00396e+85
2.00617e+85
4.00886e+85
8.0108e+85
1.60078e+86
3.19882e+86
6.39217e+86
1.27735e+87
2.55252e+87
5.10073e+87
1.01929e+88
2.03686e+88
4.07031e+88
8.13383e+88
1.62541e+89
3.24813e+89
6.4909e+89
1.29711e+90
2.59209e+90
5.17994e+90
1.03514e+91
2.06861e+91
4.13386e+91
8.26105e+91
1.65088e+92
3.29911e+92
6.59294e+92
1.31754e+93
2.63298e+93
5.26179e+93
1.05153e+94
2.1014e+94
4.1995e+94
8.39244e+94
1.67718e+95
3.35175e+95
6.6983e+95
1.33863e+96
2.67519e+96
5.34627e+96
1.06844e+97
2.13524e+97
4.26724e+97
8.528e+97
1.70431e+98
3.40605e+98
6.80698e+98
1.36038e+99
2.71872e+99
5.43339e+99
1.08587e+100
2.17013e+100
4.33706e+100
8.66774e+100
1.73228e+101
3.46202e+101
6.91898e+101
1.38279e+102
2.76357e+102
5.52315e+102
1.10383e+103
2.20608e+103
4.40899e+103
8.81168e+103
1.76108e+104
3.51965e+104
7.03432e+104
1.40587e+105
2.80976e+105
5.61556e+105
1.12232e+106
2.24308e+106
4.48303e+106
8.95983e+106
1.79072e+107
3.57897e+107
7.15301e+107
1.42962e+108
2.85728e+108
5.71065e+108
1.14135e+109
2.28115e+109
4.5592e+109
9.11224e+109
1.82122e+110
3.63999e+110
7.27509e+110
1.45404e+111
2.90615e+111
5.80843e+111
1.16091e+112
2.32029e+112
4.63752e+112
9.26893e+112
1.85257e+113
3.70271e+113
7.40058e+113
1.47915e+114
2.95638e+114
5.90893e+114
1.18102e+115
2.36052e+115
4.718e+115
9.42995e+115
1.88478e+116
3.76716e+116
7.52952e+116
1.50495e+117
3.00799e+117
6.01218e+117
1.20168e+118
2.40184e+118
4.80068e+118
9.59534e+118
1.91787e+119
3.83335e+119
7.66195e+119
1.53144e+120
3.06099e+120
6.11821e+120
1.22289e+121
2.44428e+121
4.88556e+121
9.76516e+121
1.95184e+122
3.90132e+122
7.79791e+122
1.55864e+123
3.1154e+123
6.22705e+123
1.24466e+124
2.48783e+124
4.9727e+124
9.93947e+124
1.98671e+125
3.97107e+125
7.93744e+125
1.58655e+126
3.17123e+126
6.33874e+126
1.26701e+127
2.53253e+127
5.06211e+127
1.01183e+128
2.02249e+128
4.04264e+128
8.0806e+128
1.61519e+129
3.22852e+129
6.45333e+129
1.28993e+130
2.57838e+130
5.15382e+130
1.03018e+131
2.05919e+131
4.11604e+131
8.22743e+131
1.64456e+132
3.28727e+132
6.57085e+132
1.31343e+133
2.6254e+133
5.24788e+133
1.04899e+134
2.09682e+134
4.19132e+134
8.378e+134
1.67468e+135
3.34751e+135
6.69135e+135
1.33754e+136
2.67361e+136
5.3443e+136
1.06828e+137
2.1354e+137
4.26848e+137
8.53235e+137
1.70555e+138
3.40926e+138
6.81485e+138
1.36224e+139
2.72302e+139
5.44313e+139
1.08804e+140
2.17493e+140
4.34755e+140
8.69049e+140
1.73718e+141
3.47252e+141
6.94137e+141
1.38754e+142
2.77363e+142
5.54434e+142
1.10829e+143
2.21541e+143
4.42851e+143
8.85239e+143
1.76955e+144
3.53726e+144
7.07084e+144
1.41343e+145
2.8254e+145
5.64786e+145
1.12898e+146
2.2568e+146
4.51125e+146
9.01782e+146
1.80263e+147
3.60338e+147
7.20303e+147
1.43986e+148
2.87821e+148
5.75343e+148
1.15008e+149
2.29897e+149
4.59553e+149
9.18622e+149
1.83628e+150
3.67061e+150
7.33734e+150
1.46669e+151
2.9318e+151
5.86046e+151
1.17146e+152
2.34165e+152
4.68074e+152
9.35632e+152
1.87023e+153
3.73837e+153
7.47253e+153
inf
inf
inf
inf
inf
inf
inf
inf
inf
inf
inf
inf
inf
inf
inf
inf
inf
inf
inf
inf
inf
inf
inf
inf
inf
inf
inf
inf
inf
inf
inf
inf
inf
inf
inf
inf
inf
inf
inf
inf
inf
inf
inf
inf
inf
inf
inf
inf
inf
inf
inf
inf
inf
inf
inf
inf
inf
inf
inf
inf
inf
inf
inf
inf
inf
inf
inf
inf
inf
inf
inf
inf
inf
inf
inf
inf
inf
inf
inf
inf
inf
inf
inf
inf
inf
inf
inf
inf
inf
inf
inf
inf
inf
inf
inf
inf
inf
inf
inf
inf
inf
inf
inf
inf
inf
inf
inf
inf
inf
inf
inf
inf
inf
inf
inf
inf
inf
inf
inf
inf
inf
inf
inf
inf
inf
inf
inf
inf
inf
inf
inf
inf
inf
inf
inf
inf
inf
inf
inf
inf
inf
inf
inf
inf
inf
inf
inf
inf
inf
inf
inf
inf
inf
inf
inf
inf
inf
inf
inf
inf
inf
inf
inf
inf
inf
inf
inf
inf
inf
inf
inf
inf
inf
inf
inf
inf
inf
inf
inf
inf
inf
inf
inf
inf
inf
inf
inf
inf
inf
inf
inf
inf
inf
inf
inf
inf
inf
inf
inf
inf
inf
inf
inf
inf
inf
inf
inf
inf
inf
inf
inf
inf
inf
inf
inf
inf
inf
inf
inf
inf
inf
inf
inf
inf
inf
inf
inf
inf
inf
inf
inf
inf
inf
inf
inf
inf
inf
inf
inf
inf
inf
inf
inf
inf
inf
inf
inf
inf
inf
inf
inf
inf
inf
inf
inf
inf
inf
inf
inf
inf
inf
inf
inf
inf
inf
inf
inf
inf
inf
inf
inf
inf
inf
inf
inf
inf
inf
inf
inf
inf
inf
inf
inf
inf
inf
inf
inf
inf
inf
inf
inf
inf
inf
inf
inf
inf
inf
inf
inf
inf
inf
inf
inf
inf
inf
inf
inf
inf
inf
inf
inf
inf
inf
inf
inf
inf
inf
inf
inf
inf
inf
inf
inf
inf
inf
inf
inf
inf
inf
inf
inf
inf
inf
inf
inf
inf
inf
inf
inf
inf
inf
inf
inf
inf
inf
inf
inf
inf
inf
inf
inf
inf
inf
inf
inf
inf
inf
inf
inf
inf
inf
inf
inf
inf
inf
inf
inf
inf
inf
inf
inf
inf
inf
inf
inf
inf
inf
inf
inf
inf
inf
inf
inf
inf
inf
inf
inf
inf
inf
inf
inf
inf
inf
inf
inf
inf
inf
inf
inf
inf
inf
inf
inf
inf
inf
inf
inf
inf
inf
inf
inf
inf
inf
inf
inf
inf
inf
inf
inf
inf
inf
inf
inf
inf
inf
inf
inf
inf
inf
inf
inf
inf
inf
inf
inf
inf
inf
inf
inf
inf
inf
inf
inf
inf
inf
inf
inf
inf
inf
inf
inf
inf
inf
inf
inf
inf
inf
inf
inf
inf
inf
inf
inf
inf
inf
inf
inf
inf
inf
inf
inf
inf
inf
inf
inf
inf
inf
inf
inf
inf
inf
inf
