Following_residuals
7.01824
2.24334
0.717696
0.229923
0.0739158
0.0240695
0.0082675
0.00339756
0.00189655
0.00129959
0.000952909
0.000712319
0.000536628
0.000406256
0.000308752
0.000235427
0.000180036
0.00013803
0.000106067
8.1673e-05
6.30059e-05
4.8687e-05
3.768e-05
2.92024e-05
2.26613e-05
1.76063e-05
1.36939e-05
1.06618e-05
8.30893e-06
6.48102e-06
5.05942e-06
3.9527e-06
3.09032e-06
2.41774e-06
1.89275e-06
1.48267e-06
1.1621e-06
9.11334e-07
7.1505e-07
5.61317e-07
4.40842e-07
3.46377e-07
2.7227e-07
2.14104e-07
1.68429e-07
1.32547e-07
1.04346e-07
8.21727e-08
6.47322e-08
5.10092e-08
4.02074e-08
3.17021e-08
2.50028e-08
1.97245e-08
1.55645e-08
1.22849e-08
9.6986e-09
7.65857e-09
6.04898e-09
4.77871e-09
3.77597e-09
2.98424e-09
2.35898e-09
1.86507e-09
1.47484e-09
1.16647e-09
9.22732e-10
