Following_residuals
3.14842
0.451453
0.0652045
0.0102378
0.00279874
0.00146404
0.000879691
0.000541755
0.000337933
0.000212756
0.000134912
8.60416e-05
5.51303e-05
3.54607e-05
2.28829e-05
1.48071e-05
9.60411e-06
6.24213e-06
4.0643e-06
2.65047e-06
1.73088e-06
1.13175e-06
7.40827e-07
4.85422e-07
3.18359e-07
2.08964e-07
1.37263e-07
9.02263e-08
5.93454e-08
3.90565e-08
2.57177e-08
1.69429e-08
1.11671e-08
7.36347e-09
4.85732e-09
3.20534e-09
2.11593e-09
1.39725e-09
9.22949e-10
