Following_residuals
11.8992
9.14339
7.23806
5.76322
4.59558
3.66659
2.92636
2.33611
1.86524
1.48948
1.18956
0.950113
0.758927
0.606255
0.484325
0.386938
0.309147
0.247007
0.197364
0.157704
0.126018
0.100701
0.0804725
0.064309
0.0513932
0.0410723
0.0328248
0.0262339
0.0209667
0.0167574
0.0133934
0.0107048
0.00855607
0.00683873
0.00546616
0.00436913
0.0034923
0.00279148
0.00223132
0.00178358
0.0014257
0.00113964
0.000910986
0.000728215
0.000582117
0.000465335
0.000371983
0.000297362
0.000237711
0.000190028
0.00015191
0.00012144
9.70818e-05
7.76098e-05
6.20438e-05
4.96001e-05
3.96524e-05
3.16999e-05
2.53425e-05
2.02602e-05
1.61972e-05
1.2949e-05
1.03523e-05
8.27636e-06
6.61673e-06
5.28993e-06
4.2292e-06
3.38117e-06
2.70321e-06
2.16119e-06
1.72786e-06
1.38142e-06
1.10444e-06
8.83005e-07
7.05968e-07
5.64427e-07
4.51266e-07
3.60794e-07
2.88461e-07
2.3063e-07
1.84394e-07
1.47427e-07
1.17872e-07
9.42423e-08
7.53497e-08
6.02447e-08
4.81678e-08
3.8512e-08
3.07919e-08
2.46195e-08
1.96844e-08
1.57386e-08
1.25838e-08
1.00614e-08
8.04461e-09
6.43211e-09
5.14284e-09
4.112e-09
3.28779e-09
2.6288e-09
2.10189e-09
1.6806e-09
1.34376e-09
1.07443e-09
8.5908e-10
